# size/Gauss_matmul/strassen_matmul/memory_efficient_strassen_matmul2 2.3603439331054688e-05 1.1444091796875e-05 9.5367431640625e-06
4 5.14984130859375e-05 2.9802322387695312e-05 2.8848648071289062e-05
8 0.00017595291137695312 0.00016355514526367188 0.00016355514526367188
16 0.0011663436889648438 0.0011756420135498047 0.001165151596069336
32 0.00953221321105957 0.009821176528930664 0.009254693984985352
64 0.07208752632141113 0.06659340858459473 0.06987738609313965
128 0.5436301231384277 0.4952681064605713 0.4961831569671631
256 4.743405342102051 3.6770448684692383 3.646827459335327
512 38.95295071601868 25.336446285247803 24.940616130828857
1024 329.0651352405548 180.99870371818542 178.9429166316986
